year,Q,Ql,Qu,lp20,lp50,Qbc,rolMax,rolMin,rolMed,dP,type,dp10
1517,661.974309241657,474.425674710904,849.52294377241,479.854061101673,474.525455835643,837.100729960647,,,,391.909229006539,0,91.0943151005593
1518,409.222768024432,228.729511665877,589.716024382987,479.858935454537,474.409991252409,356.813790939991,,,,-88.3777100141178,-1,68.2862330161377
1519,429.087138999749,248.791968432001,609.382309567497,479.83950389735,474.174400217188,376.288011405651,,,,-68.903489548457,-1,31.8754238057309
1520,426.268896983098,244.708776351596,607.829017614599,479.75134395103,473.821884229191,373.518700922914,,,,-71.6728000311941,-1,-3.75546660871431
1521,390.117227717112,208.335559818733,571.898895615492,479.518218662885,473.357246464991,340.378322926807,,,,-104.813178027301,-1,-25.4749853199213
1522,488.658353657837,308.301997588261,669.014709727413,479.031343071976,472.786820997288,480.647957455365,,,,35.4564565012569,1,-26.36423152179
1523,493.090596784076,312.205372371577,673.975821196576,478.160442734041,472.118387091216,489.376431118256,,,,44.1849301641477,1,-7.55186751560204
1524,368.414087164068,185.172604122743,551.655570205392,476.777081999049,471.361070299391,331.065884946597,,,,-114.125616007511,1,23.103678825237
1525,582.914229930399,400.380978848726,765.447481012073,474.786439624206,470.525229788688,650.084564612348,,,,204.89306365824,1,54.3723782826003
1526,543.825220789915,358.760677173905,728.889764405924,472.160712297027,469.622329848419,555.644564648078,,,,110.45306369397,1,75.6049945617569
1527,488.24299188862,305.091252144063,671.394731633177,468.965803699811,468.664792939344,479.790104426787,,,,34.5986034726787,1,79.9554506119807
1528,506.340126084054,324.834856118795,687.845396049313,465.37335611411,467.665832199218,505.418487448476,,,,60.2269864943679,1,65.9657921819018
1529,527.584956002028,346.638793510811,708.531118493246,461.6528953497,466.639263236983,534.174514559399,,,,88.9830136052902,1,37.2775306129843
1530,469.219504276345,288.490890679366,649.948117873324,458.143188785339,465.599297860867,429.532037695295,,,,-15.6594632588132,-1,0.878898883664218
1531,387.907085270319,204.387085451721,571.427085088917,455.206549469241,464.560325256401,344.069640574197,,,,-101.121860379911,-1,-35.3455110370359
1532,357.431967429502,175.896311886917,538.967622972088,453.173810420524,463.536688455687,321.949112420988,,,,-123.24238853312,-1,-64.8783919578348
1533,458.231199579567,277.930974155614,638.531425003521,452.290111467829,462.542465139481,407.24061258475,,,,-37.9508883693586,-1,-83.8531881136922
1534,436.230022106996,255.742500059878,616.717544154114,452.671412084425,461.591261238458,383.71980212369,,,,-61.4716988304183,-1,-91.0200516328328
1535,465.3648944758,281.601368749337,649.128420202263,454.278787212616,460.696023495353,419.167392105772,,,,-26.0241088483367,-1,-86.7849103958042
1536,404.911781418477,223.974153878934,585.84940895802,456.913728515159,459.868874188838,353.660239758727,,,,-91.5312611953814,-1,-72.2041347785618
1537,434.447865421223,251.98215455183,616.913576290616,460.234613319705,459.120968751998,381.749041119882,,,,-63.4424598342264,-1,-48.6670960554905
1538,453.534315900289,273.015463315746,634.053168484833,463.792492582948,458.462375280992,402.78343868644,,,,-42.4080622676688,-1,-18.3552804125062
1539,488.648674866294,308.159862791526,669.137486941061,467.082564721207,457.901973477091,480.627967698836,,,,35.4364667447273,-1,15.0535662334653
1540,441.90550789786,258.193713254511,625.617302541208,469.605676850771,457.447369159761,390.406159349353,,,,-54.7853416047552,-1,46.1848216912415
1541,487.894144199373,304.290216616411,671.498071782335,470.932330747911,457.104819410863,479.069623947089,,,,33.8781229929809,1,68.8008262048206
1542,577.970983919073,386.025307581176,769.916660256971,470.760533935344,456.87916301744,636.500315305958,,,,191.30881435185,1,77.6549938084329
1543,600.423945915346,415.194580271007,785.653311559685,468.958725848943,456.773751335773,707.064114673537,,,,261.872613719429,1,70.6117093739119
1544,417.991280064722,230.033899952471,605.948660176974,465.586465957357,456.790376287407,365.758088947144,,,,-79.4334120069643,-1,49.7669661214761
1545,471.6827903487,291.443611657787,651.921969039613,460.889311745666,456.929195288216,439.063605974168,,,,-6.12789497994015,-1,20.6679472884827
1546,329.901824891774,147.372320606522,512.431329177026,455.269791860314,457.188657073811,303.110434495317,,,,-142.081066458792,-1,-10.0207273431062
1547,462.257586960536,280.924699736959,643.590474184113,449.241182536499,457.565436025485,409.200879985408,,,,-35.9906209686999,-1,-36.9449760267157
1548,527.970780944919,343.391066475563,712.550495414276,443.372547011558,458.054384152215,534.738940528878,,,,89.5474395747701,-1,-57.1958081038579
1549,366.522317790126,185.223464256665,547.821171323586,438.232149158846,458.648509234241,329.481258142639,,,,-115.710242811469,-1,-69.8959719343601
1550,445.392066787201,264.971051212124,625.813082362279,434.334051787605,459.338986055219,395.505270712543,,,,-49.6862302415651,-1,-75.0895063232916
1551,466.727892407876,286.28469622217,647.171088593582,432.091441331062,460.115206343374,423.539130449446,,,,-21.6523705046625,-1,-73.0001370181747
1552,332.88709099011,150.631089371053,515.143092609167,431.780082564951,460.964872071789,305.285629022522,,,,-139.905871931586,-1,-64.1325391138284
1553,424.9941175883,244.31009144808,605.67814372852,433.515259290576,461.874135525115,372.65536335202,,,,-72.5361376020879,-1,-49.9220829524991
1554,360.269479545708,178.186464996819,542.352494094596,437.244816909809,462.827787605331,324.24361384022,,,,-120.947887113888,-1,-33.1812657461654
1555,509.184835306924,328.080794101928,690.28887651192,442.759101100089,463.80949307196,508.515352550528,,,,63.3238515964194,1,-17.6641520105112
1556,501.01265496965,315.398377197871,686.626932741429,449.715730767681,464.802067928636,498.774880448575,,,,53.5833794944669,1,-6.68540862956881
1557,491.284286695201,308.488353078928,674.080220311473,457.674310193576,465.787790748381,485.823622442699,,,,40.632121488591,1,-1.51985785561808
1558,459.304087290034,273.782943985467,644.825230594601,466.135025742581,466.748737510787,405.856994922923,,,,-39.334506031185,-1,-0.628245393724256
1559,449.454731055585,266.010648805508,632.898813305661,474.57629141631,467.66712904471,400.691876570581,,,,-44.499624383527,-1,-0.286886173545233
1560,503.741513278156,323.206117761095,684.276908795217,482.489181332899,468.525680879453,502.411343238196,,,,57.2198422840881,-1,3.67278195870351
1561,419.954689718448,237.766974548391,602.142404888504,489.408555559204,469.307946174307,367.853257847078,,,,-77.3382431070301,-1,13.9050144724477
1562,475.813746532579,293.825436460045,657.802056605113,494.941541391535,469.998642827877,449.958171386168,,,,4.7666704320597,1,30.2819298317654
1563,554.313237759572,372.644255444409,735.982220074734,498.793408378235,470.583955887691,574.503995206345,,,,129.312494252236,1,49.8305136182651
1564,509.581901074661,327.550815059525,691.612987089796,500.789385498737,471.051806278569,509.01289663622,,,,63.8213956821122,1,67.8157464910899
1565,523.276918145387,342.080188422583,704.47364786819,500.889456194383,471.392077114542,527.912506609944,,,,82.7210056558359,1,79.3986138612177
1566,546.381802174132,364.246804482233,728.516799866032,499.192668174467,471.596790021187,560.687434357116,837.100729960647,303.110434495317,421.353261277609,115.495933403008,1,81.1252463946099
1567,495.833185832128,315.344290337728,676.322081326528,495.928489711171,471.660226178478,492.931358935075,707.064114673537,303.110434495317,421.353261277609,47.7398579809663,1,71.7623899052484
1568,432.230055683284,251.78272649772,612.677384868847,491.434791344107,471.578989824137,379.413041093884,707.064114673537,303.110434495317,421.353261277609,-65.7784598602245,1,52.4439218991986
1569,561.591536624402,376.445160929545,746.737912319258,486.124262741028,471.352015092627,593.457993533844,707.064114673537,303.110434495317,426.53558407237,148.266492579735,1,26.3872021615191
1570,511.339131951893,329.973039637121,692.705224266665,480.442737570601,470.980519742875,511.214798439912,707.064114673537,303.110434495317,434.297821834732,66.0232974858041,1,-1.62683823600103
1571,419.629233699204,237.523696999814,601.734770398593,474.823841030625,470.467911370238,367.505961332302,707.064114673537,303.110434495317,434.297821834732,-77.6855396218063,-1,-26.1059649878269
1572,396.868735220956,207.006417230277,586.731053211634,469.645141518972,469.819653379891,346.564537394691,707.064114673537,303.110434495317,426.53558407237,-98.6269635594177,-1,-42.17525089595
1573,428.709785301636,247.554587828898,609.864982774374,465.191752433819,469.043099386509,375.912805306251,707.064114673537,303.110434495317,421.353261277609,-69.2786956478571,-1,-47.1052461527042
1574,477.353905764643,295.328239077675,659.37957245161,461.63308173029,468.147305157229,455.583282610318,707.064114673537,303.110434495317,426.53558407237,10.3917816562095,-1,-41.3283950767375
1575,409.55266480405,219.273453782777,599.831875825322,459.016242996908,467.142826168903,357.055115368515,707.064114673537,303.110434495317,421.353261277609,-88.1363855855931,-1,-28.3327021654883
1576,442.142184193947,254.769502551269,629.514865836625,457.276161227349,466.041506733016,390.752299721302,707.064114673537,303.110434495317,414.18413604559,-54.4392012328067,-1,-13.3685014048181
1577,563.45544815918,380.316327021749,746.594569296611,456.259091700839,464.856264405712,600.299882331054,707.064114673537,303.110434495317,414.18413604559,155.108381376946,1,-1.4563321032118
1578,473.84701508967,281.880251872681,665.813778306658,455.754009602726,463.60087165295,445.77398971775,707.064114673537,303.110434495317,414.18413604559,0.582488763641379,1,4.46858275549504
1579,477.74108463254,293.842033365365,661.640135899716,455.525567676052,462.289735817873,456.997372887624,707.064114673537,303.110434495317,414.18413604559,11.8058719335154,1,4.39580845212893
1580,388.689258277982,201.184433035955,576.194083520009,455.343454493228,460.937678639777,344.52958291167,707.064114673537,303.110434495317,408.220746285079,-100.661918042438,1,0.631773614759541
1581,501.528980808141,320.956229692601,682.101731923681,455.005563561531,459.559717667572,499.34551658067,707.064114673537,303.110434495317,414.18413604559,54.1540156265616,1,-3.86525279030307
1582,392.843971856152,211.977632467998,573.710311244305,454.354820565102,458.170852949265,342.623814834139,707.064114673537,303.110434495317,414.18413604559,-102.567686119969,1,-7.21245031175589
1583,479.933242108394,294.761166412727,665.105317804059,453.290507575512,456.785862574636,465.003772074027,707.064114673537,303.110434495317,421.353261277609,19.8122711199182,1,-9.4574127207871
1584,480.732533114615,298.520158806248,662.944907422981,451.774547818493,455.419110057002,466.224452622169,707.064114673537,303.110434495317,431.301368211807,21.0329516680611,1,-12.213340449746
1585,483.453825096217,303.11018820806,663.797461984375,449.832408578053,454.084365736479,469.89896484267,707.064114673537,303.110434495317,442.418797845959,24.7074638885615,1,-17.4090529138239
1586,399.700171142922,218.624832947225,580.775509338619,447.547944400161,452.79464391463,349.336850299848,707.064114673537,303.110434495317,442.418797845959,-95.8546506542603,1,-25.9070059127159
1587,518.333385147079,330.434767489157,706.232002805,445.052083129515,451.56205754248,520.964887541804,707.064114673537,303.110434495317,447.866080551959,75.7733865876959,1,-36.7270260179817
1588,387.394265361174,198.593042722855,576.195487999492,442.506515213748,450.397692807156,343.768086333123,707.064114673537,303.110434495317,447.866080551959,-101.423414620985,-1,-47.2525908728447
1589,447.335866315978,245.425532586137,649.24620004582,440.084819600076,449.31150646105,398.34808810916,707.064114673537,303.110434495317,442.418797845959,-46.8434128449487,-1,-54.3329092491435
1590,351.110855842868,166.595549763865,535.626161921872,437.9542625216,448.31224888929,317.770879411564,707.064114673537,303.110434495317,442.418797845959,-127.420621542544,-1,-55.7836895925534
1591,429.790472043404,249.362426853989,610.21851723282,436.261531387859,447.407415511174,376.987341634051,707.064114673537,303.110434495317,431.301368211807,-68.2041593200571,-1,-51.5386955276141
1592,447.436838094595,241.260601547466,653.613074641724,435.124533054721,446.603227915771,398.495759885272,707.064114673537,303.110434495317,416.370005217427,-46.6957410688363,-1,-43.8039303647619
1593,518.656541304949,336.368053140282,700.945029469616,434.630113517452,445.904644155946,521.419049754371,600.299882331054,303.110434495317,416.370005217427,76.2275488002623,-1,-36.0962190499108
1594,467.535112664176,284.008398800213,651.061826528138,434.83518382819,445.315395524563,425.479363618891,600.299882331054,303.110434495317,424.509247034168,-19.7121373352174,-1,-31.7169739452379
1595,370.078472108236,186.175276330185,553.981667886286,435.767848938328,444.838045913544,332.460044843126,600.299882331054,303.110434495317,416.370005217427,-112.731456110982,-1,-32.4964656399333
1596,421.382500460961,236.169558927643,606.595441994278,437.42638369205,444.474069941542,369.376885204735,600.299882331054,305.285629022522,416.370005217427,-75.8146157493729,-1,-38.2947135247741
1597,479.027854253151,253.795038643873,704.260669862428,439.776119979587,444.223946739888,461.697031263916,600.299882331054,305.285629022522,424.509247034168,16.5055303098072,-1,-47.141668708546
1598,448.889851605635,268.670320737263,629.109382474007,442.745652675036,444.087266498773,400.402268558365,600.299882331054,305.285629022522,414.698062686185,-44.7892323957431,-1,-55.673163024947
1599,442.439214251906,217.258311050732,667.62011745308,446.223741755438,444.062846324636,391.186707798669,600.299882331054,305.285629022522,414.698062686185,-54.0047931554394,-1,-59.7756299928813
1600,439.346370458563,249.142024686767,629.550716230358,450.057942520191,444.148851338117,387.16595130607,600.299882331054,305.285629022522,414.698062686185,-58.0255496480388,-1,-55.5979459060714
1601,479.093749701265,292.920423217988,665.267076184542,454.056206876752,444.342916824121,461.937700681137,600.299882331054,305.285629022522,415.668179270907,16.7461997270287,-1,-40.9489453335413
1602,354.635530578702,168.093984358551,541.177076798853,457.993202072301,444.642267497305,320.100677284439,600.299882331054,317.770879411564,415.668179270907,-125.090823669669,-1,-16.6949322005222
1603,378.823627853035,197.451489301653,560.195766404416,461.623162832422,445.043830139716,338.728281826318,600.299882331054,317.770879411564,415.668179270907,-106.46321912779,-1,12.5897982456512
1604,528.541534898774,347.583463983155,709.499605814393,464.700070303787,445.544335607567,535.573900423707,600.299882331054,317.770879411564,435.62667666832,90.3823994695988,1,39.4942313670184
1605,526.211356441007,335.034444105055,717.388268776959,467.003416270694,446.140405232266,532.165066289683,600.299882331054,317.770879411564,435.62667666832,86.9735653355743,1,56.3483232215506
1606,613.684479407784,423.372422109109,803.996536706459,468.364489738528,446.828615395209,752.668578540056,752.668578540056,317.770879411564,435.62667666832,307.477077585947,1,58.5593138021426
1607,478.998884772982,298.642748766944,659.35502077902,468.686314580591,447.605533936381,461.591226263586,752.668578540056,317.770879411564,435.62667666832,16.3997253094772,1,46.872654450006
1608,327.988194304594,145.032676987016,510.943711622173,467.952131082871,448.467724300759,301.716080141899,752.668578540056,301.716080141899,435.62667666832,-143.47542081221,1,27.0452402429389
1609,479.157115637448,295.832321301721,662.481909973176,466.222034342171,449.411717500182,462.169131582196,752.668578540056,301.716080141899,447.866080551959,16.9776306280875,1,6.98170059907658
1610,448.851156096606,266.634321532436,631.067990660775,463.621840325221,450.433956016111,400.3824297601,752.668578540056,301.716080141899,435.62667666832,-44.8090711940081,-1,-6.99257691064089
1611,389.973915325796,205.633648477803,574.31418217379,460.329549779989,451.530715828951,341.172547029098,752.668578540056,301.716080141899,435.62667666832,-104.01895392501,-1,-12.639480616171
1612,519.999517225078,339.122478277687,700.876556172469,456.562878525357,452.698012739111,523.30646207951,752.668578540056,301.716080141899,435.62667666832,78.1149611254022,1,-11.9489058172938
1613,529.151019445265,347.869129554666,710.432909335865,452.568299133136,453.931498268742,536.465519569578,752.668578540056,301.716080141899,435.62667666832,91.2740186154692,1,-9.19688971039656
1614,496.506711810138,313.694970198088,679.318453422188,448.609859453554,455.226349863548,493.794974768282,752.668578540056,301.716080141899,435.62667666832,48.6034738141732,1,-8.27315240712205
1615,276.888619420226,90.8828591585472,462.894379681905,444.955810824772,456.577160489253,269.098175488199,752.668578540056,269.098175488199,412.940816088628,-176.09332546591,1,-10.8142149007596
1616,505.114490272802,324.263639647931,685.965340897672,441.862820848605,457.977834022002,504.027427641981,752.668578540056,269.098175488199,412.940816088628,58.8359266878727,1,-15.9317661670338
1617,485.191011844432,295.550805279531,674.831218409332,439.559670591002,459.421494062066,473.486803261145,752.668578540056,269.098175488199,412.940816088628,28.2953023070362,1,-21.2786905085774
1618,391.690150652627,208.116682016552,575.263619288701,438.232937127057,460.900413772393,341.494086491018,752.668578540056,269.098175488199,412.940816088628,-103.697414463091,-1,-24.6341590290677
1619,352.20160435441,164.149411857854,540.253796850967,438.016315133554,462.405973119503,318.491860424705,752.668578540056,269.098175488199,400.392349159233,-126.699640529404,-1,-25.2017446622874
1620,511.096908536506,316.653165595706,705.540651477307,438.984308864886,463.928648355767,510.911279885722,752.668578540056,269.098175488199,400.392349159233,65.7197789316133,1,-24.025128527931
1621,479.767119451177,294.986600619581,664.547638282773,441.150272043034,465.458036924548,464.397043623981,752.668578540056,269.098175488199,412.940816088628,19.2055426698729,1,-23.2892223360466
1622,425.620768882345,241.95560457308,609.285933191609,444.46769423172,466.982918943137,373.07975961086,752.668578540056,269.098175488199,412.940816088628,-72.1117413432483,1,-24.8718605108864
1623,507.598726064178,319.127220463306,696.070231665051,448.83285204318,468.491354473974,506.741978434838,752.668578540056,269.098175488199,435.62667666832,61.5504774807295,1,-28.9811928989154
1624,396.644397228573,210.659147853066,582.629646604081,454.087503823296,469.970814647897,346.344883788344,752.668578540056,269.098175488199,412.940816088628,-98.8466171657639,1,-33.6428660509975
1625,481.02277925549,287.877890210014,674.167668300966,460.021955199614,471.408344268934,466.606985406874,752.668578540056,269.098175488199,435.62667666832,21.4154844527658,1,-35.3041795890228
1626,409.741489180893,218.764785416636,600.718192945149,466.380376481917,472.790753143908,357.193243224404,752.668578540056,269.098175488199,435.62667666832,-87.9982577297048,-1,-30.2839098253741
1627,408.356765847583,225.849468666919,590.864063028248,472.870840625196,474.104832565585,356.180297394916,752.668578540056,269.098175488199,412.940816088628,-89.0112035591927,-1,-16.4361726699682
1628,528.703565855683,347.164024108419,710.243107602947,479.181856178463,475.337591993842,535.810936627882,752.668578540056,269.098175488199,412.940816088628,90.6194356737741,1,5.6874182985951
1629,512.587029269279,331.599201390115,693.574857148444,485.005281538288,476.476509122664,512.778478767623,752.668578540056,269.098175488199,412.940816088628,67.586977813515,1,32.6407082341806
1630,461.115261732397,279.094171027296,643.136352437497,490.063138609306,477.509784662016,405.536936788372,752.668578540056,269.098175488199,415.508150203632,-39.6545641657359,1,58.8775255307527
1631,473.804666924505,293.41804065004,654.19129319897,494.134178012123,478.426592047331,445.719423473336,752.668578540056,269.098175488199,415.508150203632,0.5279225192279,1,78.2801851014458
1632,600.294331243167,416.598183161225,783.99047932511,497.075672973033,479.217312274384,706.618355259913,752.668578540056,269.098175488199,435.599393546114,261.426854305805,1,86.0904676081368
1633,543.531969140414,335.897138076473,751.166800204354,498.836372681353,479.873744834371,555.06612428646,752.668578540056,269.098175488199,435.599393546114,109.874623332351,1,80.7255222844142
1634,500.728319229727,302.018886358728,699.437752100725,499.457513176063,480.389287059554,498.460636545306,752.668578540056,269.098175488199,435.599393546114,53.2691355911973,1,64.6600971818854
1635,478.219989045287,296.704574568234,659.735403522339,499.060795862444,480.759076363245,458.746471637513,752.668578540056,269.098175488199,435.599393546114,13.5549706834051,1,43.6979508618517
1636,470.630824358378,288.858661195462,652.402987521294,497.825368671876,480.980092853577,434.993073616464,752.668578540056,269.098175488199,440.3562485449,-10.1984273376444,-1,24.7705017013581
1637,442.569494328317,261.234741208449,623.904247448186,495.958756455849,481.051222736072,391.377243119916,752.668578540056,269.098175488199,430.236218617677,-53.8142578341925,-1,13.2827863413366
1638,488.18079085813,306.648210420801,669.713371295459,493.667847227019,480.973284783929,479.661639685106,752.668578540056,269.098175488199,440.3562485449,34.4701387309975,1,11.2557640070185
1639,547.345414840206,365.766901469999,728.923928210413,491.135115684803,480.749022688807,562.58816521395,752.668578540056,269.098175488199,452.232947555425,117.396664259842,1,16.9975199497592
1640,356.271266004043,174.546378474872,537.996153533215,488.503126910844,480.383065807527,321.181892772439,752.668578540056,269.098175488199,452.232947555425,-124.009608181669,1,26.2283698114795
1641,558.511121341643,372.595548524426,744.426694158859,485.868182155744,479.881860387136,582.150665680232,752.668578540056,269.098175488199,460.168848950549,136.959164726124,1,34.0197906318601
1642,479.422446308237,290.671486328522,668.173406287952,483.282274441302,479.253573091329,463.138196665399,752.668578540056,269.098175488199,461.644128763751,17.9466957112907,1,36.7650273573716
1643,573.78243731986,382.322219701679,765.24265493804,480.761169469891,478.507968467273,624.929427263366,752.668578540056,269.098175488199,461.644128763751,179.737926309257,1,33.4742587402903
1644,423.652923781811,220.898607507916,626.407240055706,478.295608813958,477.656262002017,371.747046973738,752.668578540056,269.098175488199,461.644128763751,-73.4444539803708,-1,25.8726039285053
1645,413.165906284925,232.518098712581,593.813713857269,475.863046274691,476.710951060629,360.608897052929,752.668578540056,269.098175488199,461.644128763751,-84.5826039011797,-1,17.2596781386374
1646,472.841546212604,282.134727945294,663.548364479914,473.438800065925,475.685627174563,443.547356667723,752.668578540056,269.098175488199,461.644128763751,-1.64414428638503,-1,10.7912485980459
1647,564.485830663918,377.563731517172,751.407929810664,471.006533442364,474.594773938591,603.626788579595,752.668578540056,269.098175488199,461.764463472361,158.435287625486,-1,8.16688345410828
1648,447.771756690487,261.477338842498,634.066174538477,468.567550415136,473.453554558681,398.985580155705,752.668578540056,269.098175488199,461.764463472361,-46.2059207984037,-1,9.27024577563848
1649,441.853815970145,259.601891590231,624.105740350059,466.147439176854,472.277592454206,390.33055962356,752.668578540056,269.098175488199,461.764463472361,-54.8609413305479,-1,12.6076737611082
1650,411.195454031634,226.301588836851,596.089319226418,463.798620835871,471.082748196186,358.506212943137,752.668578540056,269.098175488199,461.764463472361,-86.6852880109711,-1,16.1442123060126
1651,654.092222600453,466.530870973816,841.65357422709,461.598286659385,469.884896414829,829.218643319443,829.218643319443,269.098175488199,461.880178922891,384.027142365335,-1,18.2443254607858
1652,349.506481368253,155.020909186672,543.992053549834,459.641920893119,468.699706449058,316.710393404089,829.218643319443,269.098175488199,461.880178922891,-128.481107550019,-1,18.3489181733079
1653,395.324965341826,213.07374299995,577.576187683703,458.033075525576,467.542430422672,345.053002867174,829.218643319443,269.098175488199,461.880178922891,-100.138498086934,-1,16.9418437502967
1654,444.703934453445,264.280056457209,625.127812449682,456.870975888545,466.427702549582,394.49887342691,829.218643319443,269.098175488199,460.168848950549,-50.6926275271985,-1,14.8597582530489
1655,478.610981342286,298.065320512193,659.156642172379,456.238239810015,465.369353400887,460.174489671378,829.218643319443,269.098175488199,459.460480654446,14.9829887172693,1,12.6999122849575
1656,624.442033898235,435.272077560892,813.611990235578,456.190152337356,464.380241796153,789.665016528892,829.218643319443,269.098175488199,459.460480654446,344.473515574784,1,10.9178776506766
1657,383.326176947396,202.2703563873,564.381997507492,456.745197702952,463.472105329897,341.37592235438,829.218643319443,269.098175488199,452.232947555425,-103.815578599729,-1,10.198641646394
1658,364.619602095153,182.908308543259,546.330895647048,457.876282317777,462.655429806758,327.887462232791,829.218643319443,269.098175488199,452.232947555425,-117.304038721317,-1,11.1868362789672
1659,394.574694656269,209.474472953375,579.674916359163,459.504060902413,461.939338542876,344.318398531686,829.218643319443,269.098175488199,444.63339007053,-100.873102422422,-1,13.4999141082916
1660,459.348703663816,278.517459853145,640.179947474486,461.495692069016,461.331503194734,405.799456746123,829.218643319443,269.098175488199,444.63339007053,-39.3920442079849,-1,15.1413546624278
1661,635.746250377963,446.758893525051,824.733607230874,463.671503670902,460.838076858795,810.872671096953,829.218643319443,269.098175488199,452.232947555425,365.681170142844,-1,13.3860956798414
1662,393.606093494679,205.814459025242,581.397727964116,465.818819477152,460.463647907156,343.370022663671,829.218643319443,269.098175488199,444.63339007053,-101.821478290438,-1,6.80552789590954
1663,449.958162651899,265.911014721411,634.005310582387,467.709683163991,460.211211327067,400.949980886304,829.218643319443,269.098175488199,439.270215142094,-44.2415200678039,-1,-3.1208700007509
1664,487.373455154713,304.562558387522,670.184351921904,469.119482462449,460.082154511526,477.994236882095,829.218643319443,269.098175488199,439.270215142094,32.8027359279868,-1,-12.1111850105525
1665,459.611078815664,270.618058644561,648.604098986768,469.845409733731,460.076255815176,405.461092450791,829.218643319443,316.710393404089,439.270215142094,-39.7304085033169,-1,-14.9206724819283
1666,448.866173668508,268.306218491049,629.426128845967,469.72501107965,460.191695318256,400.390129118162,829.218643319443,316.710393404089,420.396265181294,-44.8013718359462,-1,-7.90417172639257
1667,380.280746116721,199.259393112707,561.302099120735,468.65504832953,460.425077657952,339.585113209666,829.218643319443,316.710393404089,405.668196767248,-105.606387744442,-1,8.9287921805521
1668,591.565930250407,408.383674440041,774.748186060773,466.610065439234,460.771466788435,676.600404027874,829.218643319443,316.710393404089,420.396265181294,231.408903073765,-1,31.2764525791084
1669,407.27663953324,225.218415558727,589.334863507752,463.65874554347,461.224432276275,355.390168840629,829.218643319443,316.710393404089,420.396265181294,-89.8013321134794,-1,51.65076675357
1670,426.861619625852,244.764746373875,608.958492877829,459.974691280326,461.776106370736,374.075157927352,829.218643319443,316.710393404089,405.668196767248,-71.1163430267561,-1,61.9035489595474
1671,636.951574595378,450.760820794446,823.142328396309,455.837398692177,462.417251004913,812.077995314368,829.218643319443,316.710393404089,405.668196767248,366.886494360259,1,56.3566100509924
1672,502.648558710086,320.349577728267,684.947539691906,451.619419011017,463.13733432832,500.857208501556,829.218643319443,316.710393404089,420.396265181294,55.6657075474474,1,34.3803936672937
1673,440.699809639368,254.873837312437,626.525781966298,447.757293479834,463.924617460835,388.662623949867,829.218643319443,316.710393404089,405.668196767248,-56.5288770042416,-1,1.15840734393272
1674,333.423963512179,146.384696997982,520.463230026375,444.707291230291,464.766254148237,305.676817658088,829.218643319443,305.676817658088,405.668196767248,-139.51468329602,-1,-34.0244406129591
1675,465.477250870986,283.933358190903,647.021143551068,442.891711926423,465.648408510632,419.527768852817,829.218643319443,305.676817658088,405.668196767248,-25.6637321012911,-1,-61.3169024905764
1676,403.993309535718,223.219202178413,584.767416893024,442.645115375499,466.556397601754,352.988363838994,829.218643319443,305.676817658088,405.668196767248,-92.2031371151139,-1,-73.9752955080693
1677,331.460104676067,148.216345794644,514.703863557489,444.170272792528,467.474864796084,304.245864821122,829.218643319443,304.245864821122,405.668196767248,-140.945636132987,-1,-70.5516060442163
1678,443.125019654397,262.428496731491,623.821542577303,447.511233048014,468.387987344568,392.189701934655,829.218643319443,304.245864821122,405.499014619582,-53.0017990194537,-1,-54.8087667268343
1679,438.937871646454,257.605883254757,620.269860038151,452.547084407927,469.27971774009,386.714221368162,829.218643319443,304.245864821122,403.205536668548,-58.4772795859466,-1,-33.5137856619719
1680,579.137871570869,395.72293206514,762.552811076597,459.005641957628,470.134054441484,639.723850261913,829.218643319443,304.245864821122,403.205536668548,194.532349307805,-1,-13.0739346118301
1681,465.624918912003,282.97802269576,648.271815128245,466.492336544147,470.935333699726,420.001405695439,829.218643319443,304.245864821122,403.205536668548,-25.1900952586692,-1,3.42038017588005
1682,526.414801964794,344.866269723647,707.963334205941,474.527606941517,471.668531798605,532.462688149325,829.218643319443,304.245864821122,403.205536668548,87.2711871952167,-1,17.1961041683275
1683,376.284658852165,195.092770230374,557.476547473957,482.587035920348,472.319566641598,337.235288171987,829.218643319443,304.245864821122,400.670055002233,-107.956212782121,-1,32.225317265337
1684,498.579028315094,313.116861190871,684.041195439317,490.141300860947,472.875588737539,496.08527013355,829.218643319443,304.245864821122,400.670055002233,50.893769179442,-1,51.9352134476554
1685,408.485880593693,224.896670191072,592.075090996315,496.69540392572,473.325252880405,356.274746762852,829.218643319443,304.245864821122,399.687854636933,-88.9167541912568,-1,76.1351932545703
1686,549.715562211561,368.175372179111,731.25575224401,501.826828773244,473.658962117513,566.878044800299,829.218643319443,304.245864821122,399.687854636933,121.686543846191,1,100.063689685218
1687,587.67151294457,403.190755051754,772.152270837386,505.220233703627,473.869074957905,663.20706556178,829.218643319443,304.245864821122,400.670055002233,218.015564607672,1,116.28233450782
1688,603.936596811771,418.021717760273,789.85147586327,506.693662346562,473.950066173649,719.144515584488,829.218643319443,304.245864821122,400.670055002233,273.953014630379,1,118.449360994869
1689,529.74770503979,348.622483993634,710.872926085946,506.210273880605,473.89863232879,537.338415040359,829.218643319443,304.245864821122,400.670055002233,92.1469140862505,1,104.797386988767
1690,501.085672697637,320.478653567368,681.692691827905,503.871723609101,473.713736162078,498.855578625514,829.218643319443,304.245864821122,403.205536668548,53.6640776714057,1,79.2791704258203
1691,478.172575933318,297.895322114616,658.449829752021,499.894078884361,473.396588757606,458.573305108527,829.218643319443,304.245864821122,403.205536668548,13.3818041544185,1,49.7952410133664
1692,311.308563194221,124.645361075151,497.97176531329,494.572284015647,472.95057356287,290.36552354195,829.218643319443,290.36552354195,400.670055002233,-154.825977412158,1,24.6527153576961
1693,556.925732882142,374.476712488256,739.374753276028,488.242171735333,472.381120088458,578.837219252434,829.218643319443,290.36552354195,400.670055002233,133.645718298326,1,9.26345138812807
1694,383.108035302138,200.337907468393,565.878163135884,481.248486929277,471.695536596158,341.247648203729,829.218643319443,290.36552354195,400.670055002233,-103.94385275038,1,4.65615464644597
1695,590.938932135055,405.74167777085,776.136186499261,473.923759028223,470.902810422279,674.444087095962,829.218643319443,290.36552354195,403.205536668548,229.252586141854,1,8.10901238799891
1696,442.308125315391,260.217266095587,624.398984535195,466.578175858975,470.013382982986,390.994989515115,829.218643319443,290.36552354195,400.670055002233,-54.1965114389928,1,15.0117755862969
1697,488.783882981569,300.045912568386,677.521853394752,459.497267026377,469.038905397184,480.900199784067,829.218643319443,290.36552354195,400.670055002233,35.7086988299584,1,20.6923636044859
1698,362.751939517684,179.675445964362,545.828433071007,452.943288501252,467.991980680136,326.323028310891,829.218643319443,290.36552354195,400.670055002233,-118.868472643218,1,21.4955008482831
1699,512.418127613431,327.64849850806,697.187756718803,447.156966412881,466.885899130054,512.566836196646,829.218643319443,290.36552354195,403.205536668548,67.3753352425374,1,15.2559229839021
1700,512.052667191442,329.749090575808,694.356243807076,442.357120817906,465.734373870262,512.108895255143,829.218643319443,290.36552354195,405.630274598457,66.9173943010352,1,1.64499050339569
1701,491.463499418178,310.623140303013,672.303858533343,438.735942794748,464.551283103607,486.176501450281,812.077995314368,290.36552354195,405.630274598457,40.985000496173,1,-17.5276322424186
1702,367.591802705162,186.327886772841,548.855718637482,436.448270098542,463.35042509603,330.377104373231,812.077995314368,290.36552354195,405.630274598457,-114.814396580878,-1,-38.4878474286758
1703,463.791440472316,283.57961077394,644.003270170692,435.595233011061,462.145291986697,414.120627883202,812.077995314368,290.36552354195,409.960042314663,-31.0708730709063,-1,-56.5045688447639
1704,355.797405518504,173.561166033358,538.033645003651,436.205567662527,460.948868941777,320.868672621931,812.077995314368,290.36552354195,409.960042314663,-124.322828332177,-1,-67.480726572221
1705,398.211451541272,216.740363872812,579.682539209732,438.219865890029,459.773464852545,347.87921654879,812.077995314368,290.36552354195,405.630274598457,-97.3122844053182,-1,-69.37374067204
1706,444.755451591181,263.270073619626,626.240829562736,441.482843358717,458.630579060535,394.574217521407,812.077995314368,290.36552354195,403.205536668548,-50.6172834327011,-1,-62.7336862818843
1707,481.73842157515,300.727290256699,662.7495528936,445.746591443467,457.530805701506,467.55017331134,812.077995314368,290.36552354195,405.630274598457,22.3586723572318,-1,-50.1538704331899
1708,431.988548937077,251.071540272211,612.905557601943,450.684861538782,456.483773981677,379.172908813013,812.077995314368,290.36552354195,405.630274598457,-66.0185921410956,-1,-35.0291204010428
1709,475.587407927193,295.087857041402,656.086958812985,455.916073866341,455.498119958649,449.13151671105,812.077995314368,290.36552354195,409.960042314663,3.94001575694131,1,-20.3268492680749
1710,478.525269688995,298.189573772839,658.860965605151,461.031776917829,454.581483781453,459.861445686748,812.077995314368,290.36552354195,416.82419836801,14.6699447326396,1,-7.9233071003808
1711,420.713292983084,239.669276392402,601.757309573766,465.627507899101,453.740525780411,368.662768977085,812.077995314368,290.36552354195,409.790860166997,-76.528731977023,-1,1.38850422877965
1712,472.878763006831,278.262016301818,667.495509711844,469.333651455525,452.980954848065,443.69136528259,812.077995314368,290.36552354195,416.82419836801,-1.50013567151876,-1,7.52390169799641
1713,473.694720306352,293.286152610803,654.103288001901,471.844320135357,452.307562831386,445.577755610863,812.077995314368,290.36552354195,419.764587274128,0.386254656754488,1,10.8013452135007
1714,552.492831452931,370.32104523602,734.664617669843,472.942189866188,451.72425896832,571.484572006876,812.077995314368,290.36552354195,419.764587274128,126.293071052768,1,11.9052729597551
1715,496.912869994661,314.197929816717,679.627810172605,472.516900578917,451.234098888934,494.243855142179,812.077995314368,290.36552354195,431.846385489014,49.0523541880704,1,11.8767412722525
1716,411.43355419075,230.111193638908,592.755914742592,470.574960211631,450.839303854001,358.760291376286,812.077995314368,290.36552354195,431.846385489014,-86.4312095778221,-1,11.720179314994
1717,362.405391471759,176.507310672675,548.303472270844,467.240591195542,450.541267970007,326.032744870427,812.077995314368,290.36552354195,431.846385489014,-119.158756083681,-1,11.6269411305253
1718,548.724025117538,367.322296751405,730.125753483671,462.748695843885,450.340553431132,565.233428379281,812.077995314368,290.36552354195,431.846385489014,120.041927425173,1,10.4334120891754
1719,495.393956465965,314.097767791658,676.690145140272,457.431384871681,450.236875243624,492.362032410254,812.077995314368,290.36552354195,444.634560446726,47.1705314561461,1,5.9719075239104
1720,468.369569558126,285.691755034326,651.047384081925,451.698059522847,450.22907713615,427.447757573994,812.077995314368,290.36552354195,444.634560446726,-17.7437433801142,-1,-3.72524880111731
1721,461.566943072781,262.570070573763,660.563815571799,446.007729961144,450.315100521809,406.985678997299,719.144515584488,290.36552354195,435.569561428292,-38.2058219568097,-1,-19.0969662056107
1722,468.479519764549,288.225912529923,648.733126999175,440.832850978884,450.491949472052,427.70711827106,719.144515584488,290.36552354195,427.577437922527,-17.4843826830485,-1,-38.3539449716968
1723,476.755970057713,296.46965637986,657.042283735566,436.616220610532,450.755656487652,453.399446818312,719.144515584488,290.36552354195,435.699241776825,8.20794586420323,-1,-57.7246854775347
1724,339.532261240412,157.495105891959,521.569416588865,433.725130466802,451.101255579768,310.117468218346,719.144515584488,290.36552354195,435.699241776825,-135.074032735762,-1,-72.5618832718667
1725,402.058816936329,221.4062435187,582.711390353958,432.409157163066,451.522770293612,351.573253568523,719.144515584488,290.36552354195,435.699241776825,-93.6182473855849,-1,-78.9412820098477
1726,309.831929533319,117.192297520987,502.47156154565,432.769135696603,452.013224466991,289.709847670133,719.144515584488,289.709847670133,435.699241776825,-155.481653283975,-1,-75.1140526942005
1727,447.32138259981,262.584943782244,632.057821417376,434.744011923055,452.564682179922,398.326905595387,719.144515584488,289.709847670133,435.699241776825,-46.8645953587215,-1,-62.0944332333756
1728,493.0218575399,307.590709687104,678.453005392697,438.11893820691,453.168320284164,489.244988209009,719.144515584488,289.709847670133,444.634560446726,44.0534872549005,1,-43.0531141867583
1729,503.702616202193,322.614394398254,684.790838006131,442.553196299754,453.8145328346,502.356033256725,719.144515584488,289.709847670133,447.354636160956,57.1645323026167,1,-21.9113763595867
1730,327.519013987889,144.040800561243,510.997227414535,447.622578126639,454.493063178468,301.374214986984,719.144515584488,289.709847670133,444.634560446726,-143.817285967124,1,-2.01136253927936
1731,494.026581360147,311.177399147844,676.875763572449,452.86938986334,455.193157512068,490.589648828707,719.144515584488,289.709847670133,447.354636160956,45.3981478745986,1,14.4744289141056
1732,523.615140045002,342.731525177503,704.4987549125,457.853729708186,455.903733131422,528.387842148279,719.144515584488,289.709847670133,447.354636160956,83.1963411941709,1,26.387495805376
1733,459.004444800079,278.235796473625,639.773093126532,462.200340323566,456.613554336104,406.243419930211,719.144515584488,289.709847670133,447.354636160956,-38.9480810238975,1,33.1080474926892
1734,508.56967341117,325.541785275218,691.597561547123,465.635612371283,457.311408694614,507.74452265824,719.144515584488,289.709847670133,447.354636160956,62.5530217041316,1,34.1563678896346
1735,472.939585307915,292.627692732419,653.251477883411,468.010210830773,457.986276772963,443.926714283326,719.144515584488,289.709847670133,447.354636160956,-1.26478667078266,1,29.0820507237307
1736,492.731627628551,311.830926457512,673.632328799589,469.304845249142,458.627489783424,488.673510685614,719.144515584488,289.709847670133,447.354636160956,43.4820097315061,1,17.7281612683498
1737,444.588506877797,259.549082318155,629.627931437438,469.619245980212,459.224871482909,394.330059968914,719.144515584488,289.709847670133,444.752234947094,-50.8614409851944,1,0.813615377975482
1738,509.152921917463,323.790123722444,694.515720112482,469.146645357641,459.768862497968,508.475363411522,674.444087095962,289.709847670133,444.752234947094,63.2838624574131,1,-19.4291649586176
1739,467.116162495265,282.74772250288,651.484602487649,468.137709015086,460.250626840815,424.491105284694,674.444087095962,289.709847670133,443.809039782958,-20.7003956694144,-1,-38.9970481249945
1740,458.845881044602,275.6471487189,642.044613370304,466.85899535164,460.6621416973,406.447906951977,674.444087095962,289.709847670133,435.699241776825,-38.7435940021309,-1,-52.6799795286301
1741,426.003247715616,244.723813841513,607.282681589719,465.55187102262,460.996272702984,373.338791368184,674.444087095962,289.709847670133,427.577437922527,-71.8527095859242,-1,-55.5919044125689
1742,367.819907912749,167.638362405834,568.001453419663,464.398381570527,461.246837837482,330.568175034932,674.444087095962,289.709847670133,427.577437922527,-114.623325919176,-1,-45.2412777045595
1743,374.277801035327,193.004666766126,555.550935304529,463.500276290111,461.408663363775,335.977582058902,674.444087095962,289.709847670133,425.969431429344,-109.213918895206,-1,-23.1762750961344
1744,524.276194072157,342.08563465111,706.466753493203,462.875308955307,461.477634342525,529.334103916037,674.444087095962,289.709847670133,427.577437922527,84.1426029619289,1,4.81809388508157
1745,511.889067837463,330.911520987406,692.866614687521,462.470850568207,461.450740018214,511.903896744547,571.484572006876,289.709847670133,427.577437922527,66.7123957904383,1,30.3901600312051
1746,420.191708384008,236.355594786063,604.027821981954,462.190061948087,461.326111623454,368.10618221049,571.484572006876,289.709847670133,427.577437922527,-77.0853187436179,1,45.6369677050135
1747,586.025216560061,398.601706272145,773.448726847976,461.922620334206,461.103048283673,658.61337225762,658.61337225762,289.709847670133,427.577437922527,213.421871303512,1,46.2484723122788
1748,569.558641907469,387.290944383432,751.826339431506,461.571584421557,460.782026557078,618.440969855438,658.61337225762,289.709847670133,435.699241776825,173.249468901329,1,33.409006620558
1749,404.653302319514,224.024520450244,585.282084188783,461.07016730791,460.364690576941,353.471158431789,658.61337225762,289.709847670133,427.577437922527,-91.7203425223195,-1,13.4355611679901
1750,391.618636673477,205.313330671516,577.923942675438,460.386221990519,459.853822326172,341.424065790299,658.61337225762,289.709847670133,425.969431429344,-103.767435163809,-1,-4.96768104047647
1751,366.041618618583,183.516157613083,548.567079624082,459.516974306951,459.25329455945,329.078603991261,658.61337225762,289.709847670133,419.305866583948,-116.112896962847,-1,-14.6684036516365
1752,520.082026529689,339.213463149272,700.950589910106,458.479713614069,458.568010903525,523.422420285557,658.61337225762,289.709847670133,425.969431429344,78.2309193314482,1,-13.2752279046278
1753,478.013675038554,292.814864896783,663.212485180325,457.303886822579,457.803837541655,457.992952643627,658.61337225762,289.709847670133,427.577437922527,12.8014516895191,1,-3.93792454605317
1754,327.699503770793,145.275240237337,510.123767304249,456.027082847142,456.967529082036,301.505727681349,658.61337225762,289.709847670133,427.577437922527,-143.685773272759,1,6.45730072804354
1755,566.508181994771,384.507776889739,748.508587099803,454.694277526829,456.066649289522,609.972224479269,658.61337225762,289.709847670133,435.699241776825,164.780723525161,1,10.7227700578025
1756,560.579903266434,378.850862902423,742.308943630445,453.357878346238,455.109486215935,589.744575375516,658.61337225762,289.709847670133,443.809039782958,144.553074421408,1,4.883745196195
1757,468.069346175998,287.726763657956,648.411928694041,452.075511810656,454.10496086148,426.739562944835,658.61337225762,289.709847670133,435.699241776825,-18.4519380092732,-1,-9.8313753881909
1758,348.656855452958,154.728892383924,542.584818521992,450.903436685366,453.062529024244,316.148793597426,658.61337225762,289.709847670133,435.699241776825,-129.042707356682,-1,-27.5763396175006
1759,427.773175306723,244.205073982813,611.341276630633,449.88633022211,451.992077687282,374.981525754448,658.61337225762,289.709847670133,427.577437922527,-70.2099751996603,-1,-40.8301953391731
1760,399.341631175733,216.828111569717,581.85515078175,449.047444650339,450.903819203702,348.985796980809,658.61337225762,289.709847670133,427.093660259415,-96.2057039732992,-1,-44.1372633466052
1761,396.361946997507,215.410958760048,577.312935234966,448.384103098923,449.808187024204,346.068331380933,658.61337225762,289.709847670133,427.093660259415,-99.1231695731754,-1,-36.6650482731052
1762,492.560392341309,302.584933839653,682.535850842965,447.871328151119,448.71573523791,488.336339656566,658.61337225762,289.709847670133,427.093660259415,43.1448387024575,1,-22.3626636437377
1763,506.729469205319,326.137521054236,687.321417356402,447.472563035528,447.637041700633,505.856964608763,658.61337225762,289.709847670133,427.093660259415,60.6654636546547,1,-7.84158480234668
1764,501.493854241299,320.695160677014,682.292547805585,447.153087723292,446.582612337577,499.306695187778,658.61337225762,289.709847670133,427.093660259415,54.1151942336698,1,0.766221868771959
1765,426.986784311233,246.441884555947,607.531684066518,446.890437417506,445.562783324395,374.199610274365,658.61337225762,289.709847670133,425.615334114764,-70.9918906797431,1,0.34645999832541
1766,538.153846697984,353.058243747107,723.249449648861,446.677444172516,444.587618617827,544.570842178246,658.61337225762,289.709847670133,427.093660259415,99.3793412241372,1,-8.37252168199082
1767,393.195182473135,210.629143432325,575.761221513946,446.516666047154,443.666802249294,342.967691846625,658.61337225762,289.709847670133,427.093660259415,-102.223809107483,-1,-21.8185450447768
1768,336.915906980642,154.798716712056,519.033097249228,446.408460290867,442.809526997097,308.221199321801,658.61337225762,289.709847670133,425.615334114764,-136.970301632307,-1,-35.6229899017671
1769,424.717133094466,241.36055963142,608.073706557512,446.337470354579,442.024382694797,372.467777075479,658.61337225762,289.709847670133,415.738392140996,-72.7237238786291,-1,-46.5291768922769
1770,523.83047278048,339.56810922127,708.09283633969,446.262764532,441.319247854655,528.690469807388,658.61337225762,289.709847670133,415.738392140996,83.4989688532795,-1,-53.1925901506145
1771,421.125076805685,238.395651400801,603.854502210569,446.114957455568,440.701187281145,369.102186526537,658.61337225762,289.709847670133,415.469506118336,-76.0893144275717,-1,-55.7028214914074
1772,436.518975379585,255.973377669748,617.064573089422,445.800698576132,440.176356746129,384.039335106444,658.61337225762,289.709847670133,406.345663441094,-61.1521658476641,-1,-54.5150854165587
1773,470.090551220389,283.1208079861,657.060294454679,445.212998498654,439.749914876441,432.902512409717,658.61337225762,289.709847670133,406.345663441094,-12.2889885443911,-1,-49.7153681219338
1774,452.418586155753,260.055159694872,644.782012616634,444.245612973658,439.425942549013,402.211415268851,658.61337225762,289.709847670133,406.345663441094,-42.9800856852569,-1,-41.0838490689007
1775,311.764548535807,128.299302016502,495.229795055113,442.81016806612,439.20737069983,290.665508934826,658.61337225762,289.709847670133,406.345663441094,-154.525992019282,-1,-28.7829181030549
1776,526.051480509485,344.707541536102,707.395419482868,440.854907671092,439.095917905578,531.931182687006,658.61337225762,290.665508934826,415.469506118336,86.7396817328976,1,-14.1174843530816
1777,482.657986925976,284.550783311382,680.765190540571,438.383404044063,439.092039075318,468.762123600527,658.61337225762,290.665508934826,425.615334114764,23.5706226464188,1,0.178259783802535
1778,359.803316896756,174.092977826366,545.513655967146,435.470347762375,439.194886098329,323.853136100857,658.61337225762,290.665508934826,415.469506118336,-121.338364853251,1,10.3739151371857
1779,509.402023969657,319.400176310722,699.403871628591,432.270489789964,439.402280835603,508.787501255862,658.61337225762,290.665508934826,415.469506118336,63.5960003017539,1,12.8149201040664
1780,494.927691138869,307.932023519351,681.923358758386,429.016842948405,439.710700936944,491.757662031655,658.61337225762,290.665508934826,425.615334114764,46.5661610775469,1,5.3449325641698
1781,525.59043961083,343.827216050005,707.353663171654,426.00537491391,440.11527958578,531.256722777174,658.61337225762,290.665508934826,425.615334114764,86.065221823066,1,-11.4262120601154
1782,289.916024254289,103.539821913332,476.292226595246,423.565545819313,440.609821331738,278.296825932237,658.61337225762,278.296825932237,415.469506118336,-166.894675021871,1,-33.6937374714649
1783,529.402585638578,347.162238657032,711.642932620123,422.019397557627,441.186837793703,536.833537488493,658.61337225762,278.296825932237,425.615334114764,91.6420365343849,1,-55.3500930276861
1784,303.947496270008,120.626304437541,487.268688102476,421.635794527143,441.837608766997,286.301727022725,658.61337225762,278.296825932237,415.469506118336,-158.889773931383,-1,-70.0404920822178
1785,244.95665029705,57.5517284134401,432.36157218066,422.589054452996,442.552275047586,251.808903346417,658.61337225762,251.808903346417,404.329661110414,-193.382597607692,-1,-73.5596286743521
1786,450.136166396136,265.647672358939,634.624660433334,424.931180404951,443.31996824777,401.041241615545,658.61337225762,251.808903346417,401.626328442198,-44.1502593385631,-1,-65.4728789189233
1787,476.685249152969,281.241657283776,672.128841022162,428.583780948552,444.128979802959,453.141153424502,658.61337225762,251.808903346417,404.329661110414,7.94965247039363,-1,-49.113923459382
1788,438.052691993738,256.724113865756,619.381270121721,433.35023853856,444.966966750737,385.735363810427,658.61337225762,251.808903346417,401.626328442198,-59.4561371436814,-1,-29.9284291525431
1789,564.606622931187,379.747730820281,749.465515042093,438.943116028263,445.821187236939,604.005792750353,658.61337225762,251.808903346417,401.626328442198,158.814291796245,-1,-13.0636235811845
1790,354.446725889847,172.040304575459,536.853147204235,445.019014053904,446.678755903379,319.975878034735,658.61337225762,251.808903346417,393.388302712986,-125.215622919374,-1,-1.48154659337476
1791,497.790904973626,316.071054055402,679.510755891851,451.213913630463,447.526908910348,495.214247183192,658.61337225762,251.808903346417,401.626328442198,50.0227462290837,-1,4.55907251122147
1792,389.99308440043,208.826919732801,571.15924906806,457.174808905826,448.353269384036,341.06631377911,658.61337225762,251.808903346417,401.626328442198,-104.125187174998,-1,6.68833177641162
1793,544.41595526103,358.895230611191,729.936679910869,462.585893065963,449.146105200165,556.809791379705,658.61337225762,251.808903346417,414.475489106843,111.618290425597,-1,7.00830697736624
1794,462.978578810851,282.130974313309,643.826183308393,467.18859650387,449.894571561387,411.513420337319,658.61337225762,251.808903346417,406.862417803085,-33.678080616789,-1,6.91020196357401
1795,425.041970770849,244.034256007299,606.0496855344,470.794872306146,450.588931104692,372.687771665608,658.61337225762,251.808903346417,401.626328442198,-72.5037292885002,-1,6.61483962109402
1796,499.755745823352,318.655943745016,680.855547901689,473.293323942569,451.220744922161,497.38576194981,658.61337225762,251.808903346417,406.862417803085,52.194260995702,1,5.52898119374446
1797,498.187834658218,316.16021661535,680.215452701086,474.648320318256,451.783029017695,495.652928347379,618.440969855438,251.808903346417,406.862417803085,50.4614273932706,1,3.19995249032623
1798,473.296914241946,292.202608003167,654.391220480726,474.892660832999,452.270372010494,445.065176545038,609.972224479269,251.808903346417,406.862417803085,-0.126324409070776,1,0.329040037166621
1799,536.701264454884,351.989432311813,721.413096597955,474.114571973463,452.679011237555,544.355331333697,609.972224479269,251.808903346417,419.126491641077,99.1638303795885,1,-0.905845126868231
1800,469.221053928185,283.314081588366,655.128026268004,472.440423164136,453.006866104439,429.538033999372,609.972224479269,251.808903346417,428.138798472104,-15.6534669547364,-1,2.26109114587606
1801,377.185061311858,195.572702521722,558.797420101994,470.015912337631,453.253529751331,337.764753147024,609.972224479269,251.808903346417,428.138798472104,-107.426747807084,-1,11.3081227860751
1802,256.929746533369,68.6860504975289,445.173442569209,466.990071238322,453.420222456226,255.005215510232,609.972224479269,251.808903346417,419.126491641077,-190.186285443876,-1,24.681287132724
1803,549.899046826584,362.739780530568,737.0583131226,463.506734752435,453.509711675692,567.182382189884,609.972224479269,251.808903346417,419.126491641077,121.990881235776,1,37.6249790340549
1804,668.972919264152,480.819305045314,857.12653348299,459.705453362673,453.526203150857,844.099339983142,844.099339983142,251.808903346417,428.138798472104,398.907839029033,1,44.1785702578208
1805,427.820527713502,243.1552958911,612.485759535905,455.728832860227,453.475205430414,375.02860866879,844.099339983142,251.808903346417,419.126491641077,-70.1628922853184,-1,40.2636637915897
1806,390.973280552235,210.163387207509,571.783173896961,451.729689583967,453.363368762165,340.792185305397,844.099339983142,251.808903346417,406.862417803085,-104.399315648711,-1,25.8240846695456
1807,518.437045104202,335.851530192305,701.022560016099,447.872297976081,453.198300468288,521.110570779877,844.099339983142,251.808903346417,406.862417803085,75.9190698257687,-1,4.76425304352466
1808,469.487179796109,286.167383720923,652.806975871296,444.326040458665,452.988361801417,430.567795385742,844.099339983142,251.808903346417,420.525727168346,-14.623705568366,-1,-16.9146297787361
1809,273.517569969816,87.5144900668545,459.520649872777,441.253340834159,452.742453636608,266.717877499545,844.099339983142,251.808903346417,420.525727168346,-178.473623454564,-1,-33.4826695447022
1810,556.522623923534,373.074814209441,739.970433637627,438.795329296294,452.469799235239,578.168601187832,844.099339983142,251.808903346417,430.052914692557,132.977100233724,-1,-41.2847863617736
1811,364.042593432368,180.544904422056,547.54028244268,437.058725747638,452.179732028315,327.404135139245,844.099339983142,251.808903346417,430.052914692557,-117.787365814863,-1,-39.5439622362571
1812,460.351395636119,278.489091394226,642.213699878012,436.10637514549,451.881495201068,404.50636492606,844.099339983142,251.808903346417,420.525727168346,-40.6851360280484,-1,-30.2138320690052
1813,450.818681044391,270.094026451519,631.543335637263,435.952239624177,451.584058168449,401.391160010713,844.099339983142,251.808903346417,408.00989263169,-43.8003409433957,-1,-17.1443265011859
1814,561.667252125645,379.859878589084,743.474625662207,436.560420558451,451.29595345376,593.735923591182,844.099339983142,251.808903346417,408.00989263169,148.544422637074,-1,-4.84304265328582
1815,144.140673341634,-53.4846700232567,341.766016706525,437.847600771014,451.025136467647,206.250513670894,844.099339983142,206.250513670894,408.00989263169,-238.940987283215,-1,2.88049416430287
1816,583.706509747556,393.541933800539,773.871085694574,439.688977328418,450.778870163992,652.256609357683,844.099339983142,206.250513670894,408.00989263169,207.065108403574,-1,4.06046700627943
1817,458.517938813751,277.784037393883,639.25184023362,441.928182627348,450.563635877949,406.870827876727,844.099339983142,206.250513670894,409.192124107023,-38.3206730773808,-1,-0.815516915060088
1818,489.548196563624,308.538922484123,670.557470643126,444.390727295924,450.385070168332,482.405172276179,844.099339983142,206.250513670894,420.525727168346,37.213671322071,-1,-9.01027416038823
1819,434.590147346276,249.184415217348,619.995879475203,446.898859826675,450.247925675227,381.906380635357,844.099339983142,206.250513670894,420.525727168346,-63.2851203187514,-1,-16.6587945403473
1820,362.048023868198,168.822047866911,555.273999869484,449.285455718732,450.156053154566,325.733398506504,844.099339983142,206.250513670894,409.192124107023,-119.458102447604,-1,-20.4822324241175
1821,497.288132762624,316.38381696862,678.192448556629,451.405954860883,450.112402191925,494.658590331601,844.099339983142,206.250513670894,420.525727168346,49.4670893774923,-1,-19.3048346987199
1822,435.956686952599,255.610911324573,616.302462580626,453.148599805903,450.119038486517,383.417540112973,844.099339983142,206.250513670894,420.525727168346,-61.7739608411358,-1,-14.5647608028893
1823,479.877540788047,298.771879064053,660.983202512041,454.442941457048,450.177175198594,464.800334587981,844.099339983142,206.250513670894,420.525727168346,19.6088336338726,1,-9.54500823992504
1824,488.919319000174,308.18645014583,669.652187854518,455.265418551178,450.287215060636,481.166880224173,844.099339983142,206.250513670894,430.052914692557,35.9753792700649,1,-7.73834518081347
1825,475.902293956748,287.702517329106,664.102070584389,455.64018315215,450.448799614941,450.281572434055,844.099339983142,206.250513670894,437.81648596539,5.09007147994657,1,-11.1531144904071
1826,418.170795548771,233.555695219883,602.785895877659,455.633883444431,450.660862434512,365.949651242115,844.099339983142,206.250513670894,430.052914692557,-79.2418497119935,1,-19.3201772874789
1827,492.149710946049,311.759488275616,672.539933616481,455.344533298349,450.921684299487,487.527687007444,844.099339983142,206.250513670894,430.052914692557,42.3361860533354,1,-29.39115299557
1828,467.810457065425,287.585660271626,648.035253859224,454.886170863453,451.228949558821,426.128871411229,844.099339983142,206.250513670894,430.052914692557,-19.0626295428789,-1,-37.265220191824
1829,372.894191770948,190.818439132079,554.969944409817,454.372148151491,451.579803913251,334.818611860557,844.099339983142,206.250513670894,427.833452705301,-110.372889093551,-1,-39.3314623354837
1830,413.520470368613,227.852248051418,599.188692685808,453.900436739145,451.970914484344,360.987254997623,844.099339983142,206.250513670894,418.821145874274,-84.2042459564858,-1,-34.1611765179873
1831,440.700052971327,259.941143727776,621.458962214877,453.544115701623,452.398533163076,388.662893033466,844.099339983142,206.250513670894,409.192124107023,-56.5286079206424,-1,-23.3484585428327
1832,476.05312909686,289.222893931559,662.883364262161,453.348758163918,452.858563555968,450.832466407859,844.099339983142,206.250513670894,418.821145874274,5.64096545375071,1,-10.9261544090661
1833,558.431530452351,369.142147937901,747.720912966801,453.335833967822,453.346630410835,581.85851017626,844.099339983142,206.250513670894,418.821145874274,136.667009222151,1,-1.51335086296442
1834,510.348142195688,328.695338612193,692.000945779182,453.508887173754,453.858149067641,509.973036665805,844.099339983142,206.250513670894,427.833452705301,64.7815357116962,1,1.81915729974193
1835,280.919536193618,95.2034683191162,466.63560406812,453.858928076665,454.388392361652,271.944405788073,844.099339983142,206.250513670894,427.833452705301,-173.247095166035,-1,-1.24068529294637
1836,464.232473381949,283.464760436203,645.000186327695,454.367540107032,454.932553723637,415.535215856147,844.099339983142,206.250513670894,427.833452705301,-29.6562850979618,-1,-8.48840597452147
1837,544.190773619593,362.312159288349,726.069387950838,455.008725640974,455.485806795429,556.365619453225,844.099339983142,206.250513670894,427.833452705301,111.174118499117,-1,-16.4490536947306
1838,417.938740112606,236.764982451333,599.112497773879,455.75115783621,456.043362265613,365.702023177339,844.099339983142,206.250513670894,427.833452705301,-79.4894777767691,-1,-21.8016043767042
1839,453.921086941429,273.188896716567,634.653277166292,456.561291106481,456.600521852877,402.981732308941,844.099339983142,206.250513670894,420.832043633688,-42.2097686451671,-1,-22.4841096105031
1840,475.704316675565,294.65152351497,656.757109836159,457.406750673778,457.152728696868,449.558501596102,844.099339983142,206.250513670894,427.833452705301,4.36700064199346,-1,-18.3338581111261
1841,369.014265164504,187.547982998187,550.480547330822,458.259571486034,457.695613485322,331.568619666663,844.099339983142,206.250513670894,420.832043633688,-113.622881287446,-1,-11.1329439589585
1842,528.677653105007,337.75804979371,719.597256416305,459.099259510238,458.225035881835,535.773028686233,844.099339983142,206.250513670894,427.833452705301,90.5815277321244,1,-3.92857541519982
1843,484.411662852634,301.243808540217,667.579517165052,459.915334651197,458.737120624314,471.877201842619,844.099339983142,206.250513670894,427.833452705301,26.6857008885107,1,0.229849682163835
1844,462.595708327333,280.320242448688,644.871174205978,460.708201100563,459.228287177068,410.285385038024,844.099339983142,206.250513670894,427.833452705301,-34.9061159160843,1,-0.383643120097133
1845,506.944116722039,326.297917332545,687.590316111532,461.486847621998,459.695271642385,506.09870005612,844.099339983142,206.250513670894,430.052914692557,60.9071991020113,1,-5.42382059086931
1846,406.04153290161,225.335727861434,586.747337941787,462.2626953466,460.135140197466,354.486669866222,844.099339983142,206.250513670894,427.833452705301,-90.7048310878862,1,-12.6635698064807
1847,500.438647200381,317.144045069606,683.733249331155,463.040582638107,460.54529443313,498.14049504922,844.099339983142,206.250513670894,427.833452705301,52.9489940951121,1,-19.0065400042041
1848,385.499905956631,200.156412209489,570.843399703773,463.80944030599,460.923470033684,342.654143402337,844.099339983142,206.250513670894,420.832043633688,-102.537357551772,-1,-21.8442837006233
1849,431.493324820546,250.687976040214,612.298673600877,464.535875823274,461.267730763781,378.680503120365,844.099339983142,206.250513670894,412.910300447085,-66.5109978337429,-1,-20.1478011920603
1850,496.896063355176,316.334371673241,677.457755037111,465.163329826166,461.576459519147,494.225280678083,844.099339983142,206.250513670894,412.910300447085,49.0337797239742,1,-14.8008832005825
1851,488.712449936004,308.355316475492,669.069583396515,465.617784484465,461.848347312057,480.75954446781,844.099339983142,206.250513670894,420.832043633688,35.5680435137013,1,-8.05389982585266
1852,449.716869281096,266.547741190064,632.885997372128,465.818869170968,462.082379919854,400.826272202115,844.099339983142,206.250513670894,420.832043633688,-44.3652287519935,-1,-2.44997337876816
1853,472.325569455261,291.458384058727,653.192754851795,465.693722265467,462.277821204215,441.550809150112,844.099339983142,206.250513670894,420.832043633688,-3.64069180399599,-1,0.194651586401193
1854,489.336076112606,308.947752391892,669.72439983332,465.190706902685,462.434192163804,481.987496270817,652.256609357683,206.250513670894,420.832043633688,36.7959953167086,-1,-0.653565294368229
1855,471.596667590419,289.906138547786,653.287196633051,464.29061855979,462.55124534124,438.730358057845,652.256609357683,206.250513670894,428.348333398486,-6.46114289626343,-1,-4.24015229671848
1856,452.755034582144,268.609197428425,636.900871735863,463.013738225067,462.628934866283,402.383908992936,652.256609357683,206.250513670894,428.348333398486,-42.8075919611727,-1,-8.95247249143297
1857,454.823436451487,271.940708532066,637.706164370908,461.421836517492,462.667383077163,403.444357826572,652.256609357683,206.250513670894,420.832043633688,-41.7471431275365,-1,-12.9693148454685
1858,486.263796706333,297.939447507015,674.58814590565,459.61499562376,462.66684528571,475.702442279945,652.256609357683,206.250513670894,420.832043633688,30.5109413258365,1,-14.866531665892
1859,490.672004069317,310.261372076777,671.082636061857,457.723682376285,462.6276746921,484.618006670603,652.256609357683,206.250513670894,432.429614734537,39.4265057164945,1,-14.007273349854
1860,439.560272746129,256.501185147506,622.619360344752,455.896912871893,462.550289715131,387.402490713814,652.256609357683,206.250513670894,420.832043633688,-57.7890102402939,-1,-10.7290778937614
1861,318.643236685675,134.142005672395,503.144467698955,454.287949586343,462.435146287589,295.19088679002,652.256609357683,206.250513670894,420.832043633688,-150.000614164088,-1,-6.35989853749916
1862,570.054441564597,386.951602812962,753.157280316232,453.039649421447,462.282717891978,619.299474082008,652.256609357683,206.250513670894,432.429614734537,174.107973127899,-1,-2.92880006213827
1863,424.488221950973,237.71501631326,611.261427588687,452.271476033048,462.093485745118,372.312748219992,652.256609357683,206.250513670894,432.429614734537,-72.878752734116,-1,-2.4505659881717
1864,536.052771800491,354.724812068477,717.380731532506,452.068972743424,461.867940383403,543.534102910022,652.256609357683,206.250513670894,432.429614734537,98.3426019559133,-1,-6.01642245400714
1865,356.148826887676,168.562845232833,543.73480854252,452.475331891863,461.606594693608,321.100960937802,652.256609357683,271.944405788073,432.429614734537,-124.090540016306,-1,-13.1956053450066
1866,475.894427662918,295.12032076611,656.668534559725,453.484884667452,461.310008001643,450.252842432121,619.299474082008,271.944405788073,432.429614734537,5.06134147801305,-1,-22.0510181875919
1867,416.065301147611,235.425341504493,596.70526079073,455.03946742979,460.97882095294,363.702862661889,619.299474082008,271.944405788073,432.429614734537,-81.4886382922189,-1,-29.6320762491158
1868,495.906980862633,315.33033330941,676.483628415857,457.029197973463,460.613800699679,493.027011620216,619.299474082008,271.944405788073,432.429614734537,47.8355106661077,1,-32.6417869841892
1869,513.267774481661,330.351101981903,696.184446981419,459.298605711392,460.215895009732,513.631487971148,619.299474082008,271.944405788073,440.140583603979,68.4399870170398,1,-28.2001016157377
1870,378.70879753567,196.857478351105,560.560116720234,461.65813924264,459.786292885037,338.660757986881,619.299474082008,271.944405788073,440.140583603979,-106.530742967228,-1,-14.8424390707353
1871,331.503562869127,148.803497977177,514.203627761076,463.90082369883,459.326488776671,304.277530347943,619.299474082008,271.944405788073,432.429614734537,-140.913970606165,-1,6.34121046006039
1872,532.084994795752,350.812203921681,713.357785669823,465.823914120243,458.838347323242,538.734271762262,619.299474082008,271.944405788073,440.140583603979,93.5427708081536,1,31.0721060531829
1873,537.230771904253,352.795837849803,721.665705958703,467.254280102109,458.324164800131,544.933988670566,619.299474082008,271.944405788073,440.140583603979,99.7424877164574,1,52.5499155192407
1874,489.807715319838,309.419749865856,670.19568077382,468.073499819185,457.786721870304,482.916177966067,619.299474082008,271.944405788073,440.140583603979,37.7246770119586,1,63.5609615286563
1875,531.538863380845,350.08482119296,712.99290556873,468.236177340194,457.229320969691,538.655465225318,619.299474082008,271.944405788073,440.140583603979,93.4639642712101,1,59.2359594208087
1876,522.282439978326,340.237822055281,704.327057901371,467.77517940435,456.655802184074,526.514871461421,619.299474082008,271.944405788073,445.554655373107,81.323370507313,1,39.2492810090234
1877,479.959832018558,297.69859720234,662.221066834777,466.790549360662,456.070533898104,465.100886189894,619.299474082008,271.944405788073,445.554655373107,19.9093852357859,1,8.48797875991022
1878,481.281018483407,298.893104021582,663.668932945233,465.423348889974,455.478377890414,466.947334362685,619.299474082008,271.944405788073,449.905672014112,21.7558334085766,1,-24.2164843205244
1879,326.829435261816,142.231863552119,511.427006971513,463.820199057398,454.88463200633,300.871757979259,619.299474082008,271.944405788073,449.905672014112,-144.319742974849,-1,-49.0087419311246
1880,419.594019624091,232.177873133692,607.01016611449,462.097712990726,454.294956327652,367.468384133435,619.299474082008,271.944405788073,449.905672014112,-77.7231168206736,-1,-58.5861801679135
1881,325.677267832485,142.126110617475,509.228425047496,460.317029499416,453.715290039656,300.032238752447,619.299474082008,271.944405788073,449.905672014112,-145.159262201661,-1,-50.9868278169955
1882,464.582001082629,282.130081479876,647.033920685383,458.476268755408,453.151765324559,416.656306075934,619.299474082008,271.944405788073,445.554655373107,-28.5351948781743,-1,-30.3101691963775
1883,518.152641347643,336.410112178067,699.89517051722,456.523237438854,452.610621757774,520.710871018027,619.299474082008,271.944405788073,445.554655373107,75.5193700639192,1,-4.96468931510595
1884,538.276454163354,356.956225754932,719.596682571775,454.384044094023,452.098121035284,544.699594416993,619.299474082008,271.944405788073,445.554655373107,99.5080934628851,1,15.7525165909027
1885,518.161837859287,336.490757156872,699.832918561702,451.998257825492,451.620459152893,520.723795754178,619.299474082008,295.19088679002,449.905672014112,75.5322948000694,1,25.0840950675775
1886,459.014562072094,275.551998509748,642.477125634439,449.350038268645,451.183672736624,406.230372491869,619.299474082008,295.19088679002,449.905672014112,-38.961128462239,-1,20.6874633713242
1887,401.798719181727,217.213673229992,586.383765133462,446.487433722325,450.793538172734,351.382988170775,619.299474082008,295.19088679002,445.554655373107,-93.8085127833331,-1,4.4356726580377
1888,431.454450703341,250.822687905332,612.08621350135,443.526788956039,450.455465253877,378.641850243881,619.299474082008,295.19088679002,445.554655373107,-66.549650710227,-1,-19.1383706962383
1889,531.948817404054,350.433042408994,713.464592399113,440.643264798993,450.174389581253,538.714621421049,619.299474082008,295.19088679002,449.905672014112,93.5231204669411,-1,-44.5320920658754
1890,418.426668042723,238.037252955532,598.816083129914,438.050491254129,449.954669084445,366.222694664642,619.299474082008,295.19088679002,445.901825791117,-78.9688062894659,-1,-66.3845383283697
1891,438.459779982828,254.018192943771,622.901367021884,435.973058731796,449.799990165241,386.185533618964,619.299474082008,295.19088679002,445.901825791117,-59.0059673351447,-1,-80.1555161890284
1892,296.339963607327,109.607652620187,483.072274594467,434.616336655822,449.71328902492,282.644150486204,619.299474082008,282.644150486204,440.140583603979,-162.547350467905,-1,-82.8342431470027
1893,458.801401904966,275.67967569427,641.923128115661,434.13909739078,449.696693763028,406.505268148851,619.299474082008,282.644150486204,427.693332066889,-38.6862328052573,-1,-73.7520801565893
1894,434.797114300446,243.811063381131,625.783165219761,434.634232783648,449.751491997318,382.135250748525,619.299474082008,282.644150486204,427.693332066889,-63.0562502055832,-1,-55.0891845647408
1895,374.736331678158,192.656104744635,556.816558611681,436.120624042524,449.878126545308,336.324823079728,619.299474082008,282.644150486204,411.580787112393,-108.86667787438,-1,-31.597757877808
1896,497.299618183666,315.449212688276,679.150023679055,438.545892166355,450.076218742168,494.671283859117,619.299474082008,282.644150486204,427.693332066889,49.4797829050091,1,-9.37631219188501
1897,488.90028925972,308.303064013827,669.497514505614,441.79690265882,450.34461627803,481.129409692984,619.299474082008,282.644150486204,427.693332066889,35.9379087388754,1,6.0372387780453
1898,499.366279125608,316.833880071215,681.89867818,445.713377240351,450.681460601116,496.95532877484,619.299474082008,282.644150486204,440.140583603979,51.7638278207317,1,11.6046015017542
1899,395.049647445829,213.228398146533,576.870896745125,450.10007707124,451.084268190906,344.783433865039,619.299474082008,282.644150486204,440.140583603979,-100.40806708907,1,7.96710712799341
1900,576.539310864876,390.191679128017,762.886942601735,454.73482789619,451.550020446828,632.54530890187,632.54530890187,282.644150486204,440.140583603979,187.353807947762,1,-0.689579416637801
1901,459.300632284317,278.701232509071,639.900032059562,459.372561091026,452.075258237359,405.861450568081,632.54530890187,282.644150486204,427.693332066889,-39.330050386027,-1,-8.15978792421854
1902,157.093497289098,-37.1311230756659,351.318117653862,463.748541616364,452.65617872482,212.817620339816,632.54530890187,212.817620339816,427.693332066889,-232.373880614292,-1,-8.67940772936324
1903,560.234908160225,378.519886679612,741.949929640838,467.586067366238,453.28873334054,588.478196522108,632.54530890187,212.817620339816,427.693332066889,143.286695567999,-1,0.612115125047787
1904,434.894964944374,252.935520056247,616.854409832502,470.613724993437,453.968725857596,382.243456853404,632.54530890187,212.817620339816,411.580787112393,-62.9480441007042,-1,18.3408964695025
1905,479.267141394618,297.983562728671,660.550720060565,472.593681014625,454.691907711216,462.570977773626,632.54530890187,212.817620339816,411.580787112393,17.3794768195178,1,39.3907469557909
1906,564.365805885525,382.006173812555,746.725437958495,473.356897989012,455.454064912565,603.2501925223,632.54530890187,212.817620339816,433.454574254028,158.058691568192,1,57.0000079157905
1907,538.216266946273,357.018140872698,719.414393019848,472.836892741083,456.251089098325,544.580874826934,632.54530890187,212.817620339816,456.411910102874,99.3893738728261,1,65.4568754811052
1908,558.368590807883,376.623473007057,740.113708608708,471.09276464059,457.079025686535,581.627476653287,632.54530890187,212.817620339816,456.411910102874,136.435975699178,1,62.1283084124484
1909,360.350356812857,178.890475330489,541.810238295224,468.314647524267,457.934094661195,324.311360092549,632.54530890187,212.817620339816,433.454574254028,-120.880140861559,1,47.9447275585099
1910,510.077185575684,324.292785731637,695.86158541973,464.809279142,458.812683367738,509.633513909837,632.54530890187,212.817620339816,456.411910102874,64.4420129557292,1,26.3510979819153
1911,488.00863555917,301.393449827921,674.623821290419,460.968102558168,459.711314594145,479.306084707388,632.54530890187,212.817620339816,463.83593198176,34.1145837532793,1,1.56505721347358
1912,385.954376280085,204.368133943299,567.540618616871,457.223364372426,460.626595920058,342.921386251212,632.54530890187,212.817620339816,456.411910102874,-102.270114702896,-1,-22.8349675418825
1913,450.398177975119,267.02171526567,633.774640684569,453.998709660464,461.555157564963,401.175572316677,632.54530890187,212.817620339816,456.411910102874,-44.0159286374309,-1,-44.4048087398039
1914,450.259267806785,265.754335200311,634.76420041326,451.66064247872,462.493586240698,401.104354470584,632.54530890187,212.817620339816,433.454574254028,-44.0871464835242,-1,-61.4117330589347
1915,490.262157636696,303.775838276603,676.748476996788,450.476470396929,463.438362132192,483.810998105575,632.54530890187,212.817620339816,456.411910102874,38.6194971514671,-1,-71.974124852538
1916,457.319525399104,277.104570544181,637.534480254026,450.583203369613,464.38580523523,407.114779782651,632.54530890187,212.817620339816,439.61364192478,-38.0767211714571,-1,-73.5571505569296
1917,298.505880362137,114.915714616446,482.096046107828,451.970968095081,465.332036294458,283.634319489845,632.54530890187,212.817620339816,439.61364192478,-161.557181464263,-1,-63.5087153455222
1918,382.139737322198,199.182549852549,565.096924791847,454.484135828793,466.272956747971,340.678258526637,632.54530890187,212.817620339816,411.885542929293,-104.513242427472,-1,-40.6184993169851
1919,511.195441420336,330.26785415332,692.123028687353,457.842418099351,467.204250763023,511.034746720638,632.54530890187,212.817620339816,411.885542929293,65.8432457665293,-1,-6.82288419186632
1920,441.249167117387,260.856376578041,621.641957656733,461.681154126607,468.121409778503,389.446257383531,632.54530890187,212.817620339816,411.885542929293,-55.7452435705773,-1,32.1070544354054
1921,533.560137232296,342.454027061301,724.66624740329,465.605293749137,469.01977627254,540.377517645144,632.54530890187,212.817620339816,439.61364192478,95.1860166910354,-1,67.5778629348423
1922,470.520887956798,286.241404152943,654.800371760652,469.247543564407,469.894600282569,434.567679940203,632.54530890187,212.817620339816,425.611993008069,-10.6238210139052,-1,90.7822558380552
1923,587.667079330676,402.897883676412,772.43627498494,472.319704175045,470.741100754744,663.191817865695,663.191817865695,212.817620339816,425.611993008069,218.000316911587,1,96.0944116351956
1924,637.509499237927,447.642204693891,827.376793781962,474.647508565925,471.554524196796,812.635919956917,812.635919956917,212.817620339816,425.611993008069,367.444419002809,1,83.8645437493804
1925,338.156603072969,155.901827475372,520.411378670565,476.182772401901,472.330195049557,309.125224377209,812.635919956917,212.817620339816,411.885542929293,-136.066276576899,1,61.0071928808606
1926,515.980602358446,323.284280284791,708.676924432102,476.992065114835,473.063555466428,517.563010226688,812.635919956917,212.817620339816,411.885542929293,72.37150927258,1,38.489428276049
1927,356.76351741519,159.571842747413,553.955192082967,477.2272032726,473.750196024255,321.507269261495,812.635919956917,212.817620339816,406.810023965751,-123.684231692613,-1,26.4997998396928
1928,471.881892104871,286.704008602102,657.05977560764,477.087149304149,474.385881692728,439.834020748436,812.635919956917,212.817620339816,406.810023965751,-5.35748020567246,-1,29.649962636551
1929,295.158389888675,111.290175625394,479.026604151956,476.781434614145,474.966577922803,281.998460262697,812.635919956917,212.817620339816,406.810023965751,-163.193040691411,-1,44.7993133793466
1930,617.226201161449,428.122982700113,806.329419622784,476.502168944705,475.488480034333,764.84895739377,812.635919956917,212.817620339816,411.885542929293,319.657456439662,1,62.7702506194174
1931,610.182051542551,414.523954064781,805.840149020321,476.406623851512,475.948046136233,740.623335781444,812.635919956917,212.817620339816,425.611993008069,295.431834827335,1,73.0788236066674
1932,474.630042274636,291.557946691541,657.702137857732,476.607577638894,476.342030999079,446.782931960965,812.635919956917,212.817620339816,437.200850344319,1.59143100685623,1,69.0727822095902
1933,365.933967082981,184.087121924605,547.780812241358,477.166745895768,476.667517263701,328.988430468447,812.635919956917,212.817620339816,420.841229861427,-116.203070485662,1,50.7763296207617
1934,515.036948179304,333.835355225091,696.238541133516,478.088678012884,476.92194172209,516.183349440572,812.635919956917,212.817620339816,420.841229861427,70.9918484864637,1,24.4129166355718
1935,509.459822456348,328.835383514632,690.084261398064,479.316102809632,477.103116690602,508.859925769764,812.635919956917,212.817620339816,420.841229861427,63.6684248156558,1,-0.474892783201328
1936,463.965983055223,282.755446467332,645.176519643115,480.729632953358,477.209247731868,414.680463290389,812.635919956917,212.817620339816,424.624071615296,-30.5110376637195,-1,-14.6847706934987
1937,360.57607745625,179.105723001216,542.046431911284,482.154520164221,477.238948904037,324.500433341463,812.635919956917,212.817620339816,424.624071615296,-120.691067612645,-1,-12.5700780377698
1938,487.219843552856,305.864269224475,668.575417881237,483.376267250258,477.191256262492,477.67698048624,812.635919956917,212.817620339816,437.200850344319,32.4854795321313,1,5.96030167233436
1939,482.499842838322,302.166550664919,662.833135011724,484.165663017446,477.065639724701,468.553696029182,812.635919956917,212.817620339816,437.200850344319,23.3621950750732,1,35.2297428944414
1940,522.946130736404,341.88898019255,704.003281280257,484.3114228812,476.862012157356,527.447619471346,812.635919956917,212.817620339816,443.3084763547,82.2561185172377,1,65.5679422723415
1941,470.238847399932,289.933194886458,650.544499913405,483.655467148696,476.580732892481,433.476337422032,812.635919956917,212.817620339816,443.3084763547,-11.7151635320766,1,86.615919451958
1942,600.434089045843,417.2688459169,783.599332174785,482.123599374978,476.222601839093,707.098998038411,812.635919956917,212.817620339816,454.676954867295,261.907497084302,1,91.0985796325477
1943,586.749464958239,403.952761020989,769.546168895489,479.74412220135,475.788840629426,660.59890804121,812.635919956917,212.817620339816,465.562336901404,215.407407087101,1,77.6598837315425
1944,438.030667909832,257.521769271842,618.539566547822,476.648950938869,475.281058917229,385.711008934084,812.635919956917,212.817620339816,465.562336901404,-59.4804920200247,1,51.4342659579987
1945,486.000471731709,299.119927624147,672.88101583927,473.055908533879,474.701206898384,475.15859317364,812.635919956917,212.817620339816,471.856144601411,29.9670922195321,1,21.818779935732
1946,322.48023715601,133.400974913281,511.55949939874,469.236219923238,474.051518755547,297.715187438707,812.635919956917,212.817620339816,465.562336901404,-147.476313515402,-1,-1.67629311101803
1947,462.709787672838,276.367789006621,649.051786339054,465.475607761805,473.334454656244,410.65128805022,812.635919956917,212.817620339816,454.676954867295,-34.5402129038885,-1,-13.4522527159616
1948,332.138780861606,147.411102013634,516.866459709578,462.038578217961,472.552649729952,304.740377764324,812.635919956917,212.817620339816,443.3084763547,-140.451123189785,-1,-13.6709970953544
1949,611.311574866507,427.783927200768,794.839222532246,459.14290750599,471.708876738681,744.507893340394,812.635919956917,212.817620339816,454.676954867295,299.316392386286,-1,-7.11666377299168
1950,473.294059214368,290.856958770054,655.731159658681,456.94650327655,470.806025862336,445.061497799286,812.635919956917,212.817620339816,445.922214880125,-0.130003154821907,-1,0.0196929286065806
1951,395.603091273342,214.746033184394,576.460149362291,455.544382008321,469.84710180162,345.325321270433,812.635919956917,212.817620339816,445.922214880125,-99.8661796836751,-1,3.43048061792724
1952,501.837291266078,318.957111984639,684.717470547518,454.971624269356,468.835236612132,499.70362082987,812.635919956917,281.998460262697,454.676954867295,54.5121198757613,1,2.32816868546446
1953,488.854913373879,307.968232139597,669.741594608162,455.208876406635,467.773716377883,481.040062255493,812.635919956917,281.998460262697,454.676954867295,35.8485613013847,1,-1.03915067640843
1954,438.157703386146,257.05604709732,619.259359674972,456.188577519568,466.666020011731,385.851488480477,812.635919956917,281.998460262697,454.676954867295,-59.3400124736313,-1,-3.31750262568399
1955,440.239793472039,256.978106389199,623.501480554878,457.801414451535,465.515868446228,388.15392461331,812.635919956917,281.998460262697,445.922214880125,-57.0375763407988,-1,-2.2795131241551
1956,362.947984111476,180.111632598335,545.784335624617,459.903541473761,464.327282300973,326.487243633526,812.635919956917,281.998460262697,442.447759273861,-118.704257320582,-1,1.7987323362063
1957,479.3166382482,298.986199992505,659.647076503894,462.32562571909,463.104645696571,462.751754735416,812.635919956917,281.998460262697,442.447759273861,17.5602537813074,1,6.4386681474839
1958,616.450301935337,432.697983962468,800.202619908206,464.884011317407,461.852772792389,762.180552820043,812.635919956917,281.998460262697,442.447759273861,316.989051865935,1,8.85782768194306
1959,469.31755760015,286.636014375745,651.999100824556,467.392425537609,460.576972014063,429.911450367379,812.635919956917,281.998460262697,442.447759273861,-15.2800505867298,-1,8.19093006209798
1960,430.296605377998,245.397631276684,615.195579479312,469.671546263161,459.283101996288,377.490594458122,812.635919956917,281.998460262697,437.200850344319,-67.7009064959862,-1,6.29449171076854
1961,400.499773732929,218.377345493809,582.62220197205,471.555062128547,457.977614041071,350.119756443715,812.635919956917,281.998460262697,434.022008681117,-95.071744510393,-1,6.38860588218039
1962,407.995674853673,226.698665358533,589.292684348814,472.893652366913,456.66757781367,355.916153932068,812.635919956917,281.998460262697,434.022008681117,-89.2753470220408,-1,10.5319213136311
1963,567.058222114879,384.44331441714,749.673129812617,473.559772610068,455.360688318286,611.698059289051,812.635919956917,281.998460262697,437.200850344319,166.506558334942,-1,17.8290386791696
1964,426.533933157039,246.073134387684,606.994731926393,473.454762396587,454.065251975131,373.749336390676,812.635919956917,281.998460262697,437.200850344319,-71.4421645634321,-1,24.6135213632339
1965,553.326295191059,370.347825967206,736.304764414911,472.516936404963,452.790148671269,572.866999510911,812.635919956917,281.998460262697,437.200850344319,127.675498556802,1,26.4185966894586
1966,475.890629743995,295.413478458368,656.367781029621,470.727387454702,451.54476643669,450.238971323266,812.635919956917,281.998460262697,442.447759273861,5.04747036915728,1,20.5303664798593
1967,497.722232762572,317.030308167283,678.414157357861,468.110353661934,450.338906569494,495.1383516111,812.635919956917,281.998460262697,445.922214880125,49.9468506569914,1,7.7613620113606
1968,509.45862904635,325.778812733517,693.138445359183,464.726775450684,449.182659299189,508.858430364885,812.635919956917,281.998460262697,448.510951642115,63.6669294107765,1,-7.47458036967236
1969,455.576156959859,274.995513780931,636.156800138787,460.662253178525,448.086252864811,403.830270060064,812.635919956917,281.998460262697,445.922214880125,-41.3612308940444,-1,-18.980565851879
1970,323.181741445522,140.591070859201,505.772412031842,456.013385511236,447.059881753163,298.213889847991,812.635919956917,281.998460262697,445.922214880125,-146.977611106117,-1,-21.8083112013718
1971,226.579537007968,38.962180301558,414.196893714379,450.878614387043,446.113522238617,248.047176202355,812.635919956917,248.047176202355,442.447759273861,-197.144324751753,-1,-15.0191647871277
1972,535.522904361138,349.996253473583,721.049555248693,445.359633222297,445.256744253628,542.863097311069,812.635919956917,248.047176202355,445.922214880125,97.6715963569611,1,-2.50308614126244
1973,568.250295035722,386.005147344264,750.49544272718,439.575546537465,444.498526970343,615.154541270521,812.635919956917,248.047176202355,445.922214880125,169.963040316413,1,8.87534480675095
1974,481.320553984069,297.883460207676,664.757647760463,433.685218244333,443.847081816071,466.999440568532,764.84895739377,248.047176202355,445.922214880125,21.8079396144241,1,12.8208103375149
1975,534.428722906167,350.808472647907,718.048973164426,427.907798868054,443.309683538998,541.477464173371,764.84895739377,248.047176202355,448.510951642115,96.2859632192624,1,6.67882882796583
1976,397.419850827795,216.527356901029,578.312344754561,422.531185194353,442.892509778318,347.104145194825,764.84895739377,248.047176202355,445.922214880125,-98.0873557592829,-1,-7.74212885492865
1977,315.297141245405,132.284115885435,498.310166605376,417.902939638793,442.600492230795,292.989544633369,764.84895739377,248.047176202355,445.922214880125,-152.20195632074,-1,-25.7694285176984
1978,421.376923592629,240.537548819799,602.216298365458,414.404368676815,442.43718569471,369.37093408747,764.84895739377,248.047176202355,445.922214880125,-75.8205668666379,-1,-42.5274242301278
1979,504.108330445887,323.38258752261,684.834073369163,412.412456238834,442.404662800656,502.864230363862,764.84895739377,248.047176202355,448.510951642115,57.6727294097538,-1,-54.9108352024017
1980,390.841742470929,209.756904436416,571.926580505442,412.255069569912,442.503441446355,340.66339386163,762.180552820043,248.047176202355,445.922214880125,-104.528107092478,-1,-61.9674204989185
1981,507.035510346664,325.127232829874,688.943787863453,414.16397719675,442.732449919228,506.201627306673,762.180552820043,248.047176202355,445.922214880125,61.010126352565,-1,-64.0410903468724
1982,215.505555790252,24.141330900591,406.869780679912,418.23022438006,443.089033017697,242.432646413225,762.180552820043,242.432646413225,439.268917610659,-202.758854540883,-1,-61.6778108309757
1983,491.398445070868,304.936103422346,677.86078671939,424.367872026399,443.569001607616,486.04840611678,762.180552820043,242.432646413225,447.650234561276,40.8569051626714,-1,-55.0570950458634
1984,456.982995938786,276.704605035122,637.261386842451,432.29332106803,444.166727021577,406.454519065626,762.180552820043,242.432646413225,439.268917610659,-38.7369818884823,-1,-44.0762566782268
1985,142.716710521146,-50.85811613049,336.291537172782,441.526749530325,444.875279606302,205.528561780507,762.180552820043,205.528561780507,431.693893894705,-239.662939173602,-1,-28.7491809977128
1986,567.726938839206,385.78554613552,749.668331542891,451.419544946816,445.686607639673,613.796260053933,762.180552820043,205.528561780507,439.268917610659,168.604759099824,1,-9.48020827451085
1987,516.084272727918,334.992806625012,697.175738830825,461.207599940891,446.591749244016,517.714580522888,762.180552820043,205.528561780507,447.650234561276,72.5230795687795,1,12.9734303426483
1988,500.231906778454,317.776034124099,682.68777943281,470.085396523341,447.58106618377,497.912008411673,762.180552820043,205.528561780507,447.650234561276,52.7205074575642,1,37.5923661311229
1989,440.755335828992,260.206227543662,621.304444114322,477.291475631245,448.644485574134,388.724026434887,762.180552820043,205.528561780507,439.268917610659,-56.4674745192218,-1,62.8390237776501
1990,413.710502308032,233.025448152144,594.39555646392,482.194300221785,449.771734889595,361.190039479562,762.180552820043,205.528561780507,431.693893894705,-84.0014614745463,-1,86.1596008189211
1991,610.342710722757,426.85866270262,793.826758742893,484.368508560578,450.952557130979,741.175860744538,762.180552820043,205.528561780507,437.486474083332,295.98435979043,1,103.934267881674
1992,607.81920727038,424.151531300236,791.486883240523,483.652838410718,452.176895113206,732.497248977027,762.180552820043,205.528561780507,437.486474083332,287.305748022919,1,112.312825283961
1993,471.496077347895,291.129252061337,651.862902634453,480.181785215191,453.435035977184,438.341128899459,762.180552820043,205.528561780507,434.126289633419,-6.85037205464977,-1,108.442596708308
1994,392.592431755561,210.956815063345,574.228048447777,474.385013417137,454.717710110641,342.377527124916,762.180552820043,205.528561780507,434.126289633419,-102.813973829192,-1,91.2256296982751
1995,538.201647072366,354.065668620211,722.337625524522,466.952651841859,456.016143133976,544.55203705172,762.180552820043,205.528561780507,434.126289633419,99.3605360976119,1,61.4642001683655
1996,575.484645554773,392.949781278862,758.019509830685,458.769148860608,457.322064234072,629.631788916704,762.180552820043,205.528561780507,441.701313349372,184.440287962596,1,21.9836361318924
1997,462.509066201215,279.789245969627,645.228886432802,450.821391772693,458.627677545604,410.007485346457,762.180552820043,205.528561780507,441.701313349372,-35.1840156076511,-1,-22.0378704573033
1998,468.320004303566,286.65391940314,649.986089203993,444.089004467461,459.925605785778,427.330838475878,762.180552820043,205.528561780507,441.701313349372,-17.8606624782304,-1,-63.1924920375831
1999,306.939748798052,123.610700795024,490.26879680108,439.427987766399,461.208818005196,288.34732636297,762.180552820043,205.528561780507,434.126289633419,-156.844174591138,-1,-93.1810771265713
2000,284.829562365752,94.7706756422368,474.888449089268,437.46284469314,462.470555888968,274.705275235414,762.180552820043,205.528561780507,428.621144421628,-170.486225718694,-1,-105.225195729578
2001,311.677520343631,127.685778487615,495.669262199647,438.504307208565,463.70427384942,290.608254492544,762.180552820043,205.528561780507,428.621144421628,-154.583246461564,-1,-96.4492460845766
2002,475.354879169148,291.857401779328,658.852356558967,442.507180019661,464.903605669987,448.282253790963,762.180552820043,205.528561780507,428.621144421628,3.09075283685473,-1,-68.966277484957
2003,471.767239724357,278.156738691935,665.377740756778,449.075531319352,466.062364738247,439.390378816029,762.180552820043,205.528561780507,428.621144421628,-5.80112213807882,-1,-29.1006926253621
2004,389.193127534268,208.360392179715,570.02586288882,457.513239612359,467.174577801199,344.825873887254,762.180552820043,205.528561780507,428.621144421628,-100.365627066854,-1,14.8284967145589
2005,628.502297166853,443.870529827197,813.134064506509,466.910445214317,468.234546147639,803.628717885843,803.628717885843,205.528561780507,434.126289633419,358.437216931735,-1,55.1081685375152
2006,357.897983205185,175.565501314673,540.230465095697,476.252661203066,469.236924520182,322.257147245273,803.628717885843,205.528561780507,434.126289633419,-122.934353708836,-1,86.5340257014417
2007,557.488703889778,375.524575370096,739.452832409461,484.538644379611,470.176806701809,579.770993056054,803.628717885843,205.528561780507,434.126289633419,134.579492101945,1,107.012519628256
2008,477.373558248655,293.856829489885,660.890287007425,490.894135066633,471.049806800895,455.65505922023,803.628717885843,205.528561780507,434.126289633419,10.4635582661217,1,116.999162393247
2009,593.359042505903,399.955537939148,786.762547072659,494.670024776557,471.852126074843,682.767118444834,803.628717885843,205.528561780507,438.865753857744,237.575617490726,1,118.439994709303
2010,590.574250890727,407.287789050371,773.860712731083,495.51495894315,472.58059641152,673.18990734224,803.628717885843,205.528561780507,443.836316303496,227.998406388132,1,113.756856644711
2011,476.578883240889,290.82471841565,662.333048066128,493.414452667122,473.232693661948,452.752674055971,803.628717885843,205.528561780507,449.260612557114,7.56117310186261,1,104.917823360642
2012,426.729473990701,244.663096635474,608.795851345929,488.692177641311,473.80651733333,373.943764360612,803.628717885843,205.528561780507,449.260612557114,-71.247736593496,1,92.5671205535738
2013,527.923041753561,346.990837413635,708.855246093488,481.973755474512,474.300737312906,534.669102536647,803.628717885843,205.528561780507,449.260612557114,89.4776015825386,1,75.7040879829903
2014,536.277447931774,355.166217184913,717.388678678636,474.117360365127,474.714512021471,543.818624907119,803.628717885843,205.528561780507,451.495822689618,98.6271239530107,1,52.6261000927883
2015,531.505955366225,350.423644831656,712.588265900794,466.117513988906,475.04738480011,538.65071661244,803.628717885843,205.528561780507,451.495822689618,93.459215658332,1,23.0732100123701
2016,590.69650107491,407.974746326887,773.418255822933,458.989693346376,475.299166921441,673.610339454599,803.628717885843,205.528561780507,454.2038666381,228.418838500491,1,-9.73159408240694
2017,280.698517267767,96.3561941980754,465.040840337458,453.645877778289,475.469817588625,271.788344326384,803.628717885843,205.528561780507,450.517463923467,-173.403156627725,-1,-38.8979573619721
2018,292.74290931702,108.422472940072,477.063345693968,450.775500662661,475.559333934304,280.292889451316,803.628717885843,205.528561780507,443.836316303496,-164.898611502793,-1,-56.2766774935423
